1776988800
1776988920
1776989040
1776989160
1776989280
1776989400
1776989520
1776989640
1776989760
1776989880
1776990000
1776990120
1776990240
1776990360
1776990480
1776990600
1776990720
1776990840
1776990960
1776991080
1776991200
1776991320
1776991440
1776991560
1776991680
1776991800
1776991920
1776992040
1776992160
1776992280
1776992400
1776992520
1776992640
1776992760
1776992880
1776993000
1776993120
1776993240
1776993360
1776993480
1776993600
1776993720
1776993840
1776993960
1776994080
1776994200
1776994320
1776994440
1776994560
1776994680
1776994800
1776994920
1776995040
1776995160
1776995280
1776995400
1776995520
1776995640
1776995760
1776995880
1776996000
1776996120
1776996240
1776996360
1776996480
1776996600
1776996720
1776996840
1776996960
1776997080
1776997200
1776997320
1776997440
1776997560
1776997680
1776997800
1776997920
1776998040
1776998160
1776998280
1776998400
1776998520
1776998640
1776998760
1776998880
1776999000
1776999120
1776999240
1776999360
1776999480
1776999600
1776999720
1776999840
1776999960
1777000080
1777000200
1777000320
1777000440
1777000560
1777000680
1777000800
1777000920
1777001040
1777001160
1777001280
1777001400
1777001520
1777001640
1777001760
1777001880
1777002000
1777002120
1777002240
1777002360
1777002480
1777002600
1777002720
1777002840
1777002960
1777003080
1777003200
1777003320
1777003440
1777003560
1777003680
1777003800
1777003920
1777004040
1777004160
1777004280
1777004400
1777004520
1777004640
1777004760
1777004880
1777005000
1777005120
1777005240
1777005360
1777005480
1777005600
1777005720
1777005840
1777005960
1777006080
1777006200
1777006320
1777006440
1777006560
1777006680
1777006800
1777006920
1777007040
1777007160
1777007280
1777007400
1777007520
1777007640
1777007760
1777007880
1777008000
1777008120
1777008240
1777008360
1777008480
1777008600
1777008720
1777008840
1777008960
1777009080
1777009200
1777009320
1777009440
1777009560
1777009680
1777009800
1777009920
1777010040
1777010160
1777010280
1777010400
