6516.5400390625
6471.60986328125
6484.2900390625
6484.89990234375
6485.580078125
6470.14013671875
6470.14013671875
6462.56982421875
6457.08984375
6477.89990234375
6460.89013671875
6461.14013671875
6456.77978515625
6475.72021484375
6477.81005859375
6468.56005859375
6469.2099609375
6468.0400390625
6468.9501953125
6470.02001953125
6473.56982421875
6470.60009765625
6475.93017578125
6475.7900390625
6479.4599609375
6484.14013671875
6478.81005859375
6473.58984375
6473.2099609375
6466.240234375
6466.22998046875
6458.14990234375
6457.4501953125
6458.22998046875
6464.740234375
6471.85009765625
6471.14013671875
6467.0400390625
6458.080078125
6452.56005859375
6453.47021484375
6450.77978515625
6457.169921875
6464.91015625
6471.25
6463.830078125
6457.22998046875
6450.72998046875
6452.2099609375
6459.72021484375
6462.47998046875
6464.33984375
6463.5
6467.22021484375
6474.3701171875
6478.2099609375
6484.77978515625
6488.330078125
6491.330078125
6487.990234375
6485.41015625
6479.5
6478.85009765625
6482.4501953125
6478.0
6468.52001953125
6464.5498046875
6465.509765625
6464.97998046875
6462.31982421875
6457.77978515625
6450.60009765625
6448.22998046875
6450.93994140625
6451.83984375
6457.58984375
6453.47021484375
6451.93017578125
6453.18017578125
6450.8798828125
6452.43017578125
6459.43017578125
6460.22021484375
6458.97021484375
6454.669921875
6459.080078125
6456.9599609375
6458.02001953125
6455.990234375
6456.52001953125
6463.1298828125
6457.009765625
6456.68017578125
6453.58984375
6455.4599609375
6455.14013671875
6455.0
6452.81982421875
6456.56982421875
6457.06005859375
6455.10986328125
6457.740234375
6456.08984375
6456.2099609375
6456.10009765625
6451.14990234375
6453.4599609375
6452.10009765625
6450.31005859375
6444.330078125
6442.490234375
6437.10009765625
6436.009765625
6437.330078125
6436.27001953125
6434.830078125
6434.9501953125
6428.75
6425.52001953125
6416.85986328125
6409.18994140625
6410.39013671875
6417.60009765625
6416.56005859375
6436.56005859375
6437.72021484375
6444.77978515625
6449.16015625
6446.169921875
6448.52001953125
6445.1298828125
6441.31982421875
6439.56005859375
6438.1201171875
6443.0498046875
6443.97021484375
6447.1201171875
6445.18994140625
6443.240234375
6441.56005859375
6452.31982421875
6458.669921875
6455.02001953125
6461.85009765625
6466.10009765625
6464.18994140625
6464.7099609375
6462.77978515625
6461.33984375
6462.8798828125
6460.2001953125
6456.58984375
6457.740234375
6459.6298828125
6455.56982421875
6452.85009765625
6459.740234375
6456.6201171875
6461.3701171875
6460.41015625
6462.77978515625
6458.25
6469.5498046875
6473.41015625
6468.169921875
6468.669921875
6477.259765625
6472.330078125
6474.509765625
6478.64013671875
6475.35986328125
6472.52001953125
6472.2099609375
6474.72998046875
6477.64013671875
6477.56005859375
6477.02001953125
6477.7998046875
6479.2998046875
6479.1298828125
6475.6298828125
